1	0	0	0
1	1	1	1
1	2	4	8
1	3	9	27
1	4	16	64
1	5	25	125
1	6	36	216
1	7	49	343
1	8	64	512
1	9	81	729
1	10	100	1000
1	11	121	1331
1	12	144	1728
1	13	169	2197
1	14	196	2744
1	15	225	3375
1	16	256	4096
1	17	289	4913
1	18	324	5832
1	19	361	6859
1	20	400	8000
1	21	441	9261
1	22	484	10648
1	23	529	12167
1	24	576	13824
1	25	625	15625
1	26	676	17576
1	27	729	19683
1	28	784	21952
1	29	841	24389
1	30	900	27000
1	31	961	29791
1	32	1024	32768
1	33	1089	35937
1	34	1156	39304
1	35	1225	42875
1	36	1296	46656
1	37	1369	50653
1	38	1444	54872
1	39	1521	59319
1	40	1600	64000
1	41	1681	68921
1	42	1764	74088
1	43	1849	79507
1	44	1936	85184
1	45	2025	91125
1	46	2116	97336
1	47	2209	103823
1	48	2304	110592
1	49	2401	117649
1	50	2500	125000
1	51	2601	132651
1	52	2704	140608
1	53	2809	148877
1	54	2916	157464
1	55	3025	166375
1	56	3136	175616
1	57	3249	185193
1	58	3364	195112
1	59	3481	205379
1	60	3600	216000
1	61	3721	226981
1	62	3844	238328
1	63	3969	250047
1	64	4096	262144
1	65	4225	274625
1	66	4356	287496
1	67	4489	300763
1	68	4624	314432
1	69	4761	328509
1	70	4900	343000
1	71	5041	357911
1	72	5184	373248
1	73	5329	389017
1	74	5476	405224
1	75	5625	421875
1	76	5776	438976
1	77	5929	456533
1	78	6084	474552
1	79	6241	493039
1	80	6400	512000
1	81	6561	531441
1	82	6724	551368
1	83	6889	571787
1	84	7056	592704
1	85	7225	614125
1	86	7396	636056
1	87	7569	658503
1	88	7744	681472
1	89	7921	704969
1	90	8100	729000
1	91	8281	753571
1	92	8464	778688
1	93	8649	804357
1	94	8836	830584
1	95	9025	857375
1	96	9216	884736
1	97	9409	912673
1	98	9604	941192
1	99	9801	970299
1	100	10000	1000000
1	101	10201	1030301
1	102	10404	1061208
1	103	10609	1092727
1	104	10816	1124864
1	105	11025	1157625
1	106	11236	1191016
1	107	11449	1225043
1	108	11664	1259712
1	109	11881	1295029
1	110	12100	1331000
1	111	12321	1367631
1	112	12544	1404928
1	113	12769	1442897
1	114	12996	1481544
1	115	13225	1520875
1	116	13456	1560896
1	117	13689	1601613
1	118	13924	1643032
1	119	14161	1685159
1	120	14400	1728000
1	121	14641	1771561
1	122	14884	1815848
1	123	15129	1860867
1	124	15376	1906624
1	125	15625	1953125
1	126	15876	2000376
1	127	16129	2048383
1	128	16384	2097152
1	129	16641	2146689
1	130	16900	2197000
1	131	17161	2248091
1	132	17424	2299968
1	133	17689	2352637
1	134	17956	2406104
1	135	18225	2460375
1	136	18496	2515456
1	137	18769	2571353
1	138	19044	2628072
1	139	19321	2685619
1	140	19600	2744000
1	141	19881	2803221
1	142	20164	2863288
1	143	20449	2924207
1	144	20736	2985984
1	145	21025	3048625
1	146	21316	3112136
1	147	21609	3176523
1	148	21904	3241792
1	149	22201	3307949
1	150	22500	3375000
1	151	22801	3442951
1	152	23104	3511808
1	153	23409	3581577
1	154	23716	3652264
1	155	24025	3723875
1	156	24336	3796416
1	157	24649	3869893
1	158	24964	3944312
1	159	25281	4019679
1	160	25600	4096000
1	161	25921	4173281
1	162	26244	4251528
1	163	26569	4330747
1	164	26896	4410944
1	165	27225	4492125
1	166	27556	4574296
1	167	27889	4657463
1	168	28224	4741632
1	169	28561	4826809
1	170	28900	4913000
1	171	29241	5000211
1	172	29584	5088448
1	173	29929	5177717
1	174	30276	5268024
1	175	30625	5359375
1	176	30976	5451776
1	177	31329	5545233
1	178	31684	5639752
1	179	32041	5735339
1	180	32400	5832000
1	181	32761	5929741
1	182	33124	6028568
1	183	33489	6128487
1	184	33856	6229504
1	185	34225	6331625
1	186	34596	6434856
1	187	34969	6539203
1	188	35344	6644672
1	189	35721	6751269
1	190	36100	6859000
1	191	36481	6967871
1	192	36864	7077888
1	193	37249	7189057
1	194	37636	7301384
1	195	38025	7414875
1	196	38416	7529536
1	197	38809	7645373
1	198	39204	7762392
1	199	39601	7880599
1	200	40000	8000000
1	201	40401	8120601
1	202	40804	8242408
1	203	41209	8365427
1	204	41616	8489664
1	205	42025	8615125
1	206	42436	8741816
1	207	42849	8869743
1	208	43264	8998912
1	209	43681	9129329
1	210	44100	9261000
1	211	44521	9393931
1	212	44944	9528128
1	213	45369	9663597
1	214	45796	9800344
1	215	46225	9938375
1	216	46656	10077696
1	217	47089	10218313
1	218	47524	10360232
1	219	47961	10503459
1	220	48400	10648000
1	221	48841	10793861
1	222	49284	10941048
1	223	49729	11089567
1	224	50176	11239424
1	225	50625	11390625
1	226	51076	11543176
1	227	51529	11697083
1	228	51984	11852352
1	229	52441	12008989
1	230	52900	12167000
1	231	53361	12326391
1	232	53824	12487168
1	233	54289	12649337
1	234	54756	12812904
1	235	55225	12977875
1	236	55696	13144256
1	237	56169	13312053
1	238	56644	13481272
1	239	57121	13651919
1	240	57600	13824000
1	241	58081	13997521
1	242	58564	14172488
1	243	59049	14348907
1	244	59536	14526784
1	245	60025	14706125
1	246	60516	14886936
1	247	61009	15069223
1	248	61504	15252992
1	249	62001	15438249
1	250	62500	15625000
1	251	63001	15813251
1	252	63504	16003008
1	253	64009	16194277
1	254	64516	16387064
1	255	65025	16581375

