49
24
48
79
104
139
202
255
340
399
489
624
709
884
1019
1158
1336
1531
1669
1873
1959
2074
2022
2125
2084
2153
1988
1962
1819
1792
1617
1610
1437
1242
1238
1167
1054
1053
1090
1039
979
995
1029
935
1050
1029
1033
934
997
1039
1002
993
984
1012
1018
1036
1080
1207
1175
1319
1431
1521
1672
1805
1948
1960
2033
1953
1972
1815
1790
1653
1662
1503
1502
1514
1514
1399
1491
1355
1396
1403
1386
1418
1444
1516
1586
1569
1625
1704
1838
1945
2129
2122
2127
2009
2162
1980
2006
1892
1778
1770
1732
1641
1564
1656
1540
1475
1518
1530
1611
1628
1696
1689
1643
1663
1659
1545
1607
1537
1601
1634
1674
1678
1832
1804
1971
1968
1963
1983
2022
2061
2073
1984
2015
2113
2107
1947
1878
1782
1555
1379
1338
1212
1231
1124
1122
1085
946
997
994
980
961
858
843
863
884
841
808
757
677
717
590
603
526
549
517
464
472
456
446
468
486
516
453
536
545
575
561
602
638
675
694
712
734
751
792
782
742
682
654
686
714
727
720
713
761
768
749
805
860
892
839
865
821
773
815
661
594
502
364
328
347
243
225
207
189
163
151
115
113
75
65
75
50
32
27
22
21
10
12
7
9
3
3
1
1
0
0
0
0
0
0
0
0
0
1
0
0
1
1
0
0
1
0
0

